-0.02047979245026938800000000000000000000000000000000 0.04059996183389849000000000000000000000000000000000 0.06996806818557841000000000000000000000000000000000 0.07317738421688498000000000000000000000000000000000 0.10882205848233784000000000000000000000000000000000 0.08363039546676453000000000000000000000000000000000 0.02140769150996799000000000000000000000000000000000 0.01763314162849994500000000000000000000000000000000 0.02067789298546298000000000000000000000000000000000
-0.01187680765772928000000000000000000000000000000000 0.03442000970756501000000000000000000000000000000000 0.01281385771368888400000000000000000000000000000000 0.02507641673994035000000000000000000000000000000000 0.07102424507138086000000000000000000000000000000000 0.04674429866469076400000000000000000000000000000000 0.00690736672115726200000000000000000000000000000000 0.03867989925630544000000000000000000000000000000000 0.03664189494999315500000000000000000000000000000000
0.00661429899573706500000000000000000000000000000000 0.03596767533277481000000000000000000000000000000000 0.08914672005282134000000000000000000000000000000000 0.04947834922898200000000000000000000000000000000000 0.01825369184078871000000000000000000000000000000000 0.03013699462785866500000000000000000000000000000000 0.02411322705571805300000000000000000000000000000000 0.01944673728985172000000000000000000000000000000000 0.03771672104266951500000000000000000000000000000000
0.00041586685210248840000000000000000000000000000000 0.01488175440973194900000000000000000000000000000000 0.01499090317398954700000000000000000000000000000000 0.01018067906513370000000000000000000000000000000000 0.03042310581676054000000000000000000000000000000000 0.05029100585641659000000000000000000000000000000000 0.02140402057484782500000000000000000000000000000000 0.02582545192375650500000000000000000000000000000000 0.01448576476178938500000000000000000000000000000000
-0.01292434033348776800000000000000000000000000000000 0.04603834888616898000000000000000000000000000000000 0.01564215992678750700000000000000000000000000000000 0.01500251161388206800000000000000000000000000000000 0.01618445104500038000000000000000000000000000000000 0.00056995337732424520000000000000000000000000000000 0.02207679775410296300000000000000000000000000000000 0.02845884605992419400000000000000000000000000000000 0.00302086505922143570000000000000000000000000000000
-0.00299662930626639400000000000000000000000000000000 -0.00447986559283519000000000000000000000000000000000 0.01354310882227385000000000000000000000000000000000 -0.00442824589663228600000000000000000000000000000000 0.03461290631226121600000000000000000000000000000000 0.01361254599416963000000000000000000000000000000000 -0.00654597845745900900000000000000000000000000000000 0.04368954891015068000000000000000000000000000000000 0.02830737139058945800000000000000000000000000000000
0.00455205783723369550000000000000000000000000000000 0.04237127680543109600000000000000000000000000000000 0.05990563058352748500000000000000000000000000000000 0.06009482179759561000000000000000000000000000000000 0.04313466089450132500000000000000000000000000000000 0.05997940947420830000000000000000000000000000000000 0.05316938854670931000000000000000000000000000000000 0.02662115384482286600000000000000000000000000000000 0.05204792467239413000000000000000000000000000000000
-0.00120467314305762200000000000000000000000000000000 -0.03474403432112907000000000000000000000000000000000 -0.03740023246294977400000000000000000000000000000000 0.00721584319562812900000000000000000000000000000000 -0.02745997374576325200000000000000000000000000000000 -0.05793631842467098600000000000000000000000000000000 -0.02490514331093617000000000000000000000000000000000 -0.02251651617150676700000000000000000000000000000000 0.00639171378735291000000000000000000000000000000000
0.00537841475244506600000000000000000000000000000000 0.06161036873218192000000000000000000000000000000000 0.06669431979329894000000000000000000000000000000000 0.07218508312886514000000000000000000000000000000000 0.09049330363941484000000000000000000000000000000000 0.06405128060287535000000000000000000000000000000000 0.02790514328339985000000000000000000000000000000000 0.09976304365746200000000000000000000000000000000000 0.00215551377711569340000000000000000000000000000000
-0.01786284493900657000000000000000000000000000000000 0.08438861886338747000000000000000000000000000000000 0.07611263500148183000000000000000000000000000000000 0.06621723831562601000000000000000000000000000000000 0.07521262072691927000000000000000000000000000000000 0.08496071869464912000000000000000000000000000000000 0.05346956024140135000000000000000000000000000000000 0.01440795235506837400000000000000000000000000000000 0.04431329439505781600000000000000000000000000000000
0.01373330605949451800000000000000000000000000000000 0.03932723098453797000000000000000000000000000000000 0.04299924217006695400000000000000000000000000000000 0.01477045974622469500000000000000000000000000000000 0.02481837894128586700000000000000000000000000000000 0.03785810668071728400000000000000000000000000000000 0.04157757214962580500000000000000000000000000000000 0.04936952373066211000000000000000000000000000000000 0.01864339840197287000000000000000000000000000000000
-0.02217098731270289400000000000000000000000000000000 0.01714055625818630300000000000000000000000000000000 0.01666333565870026600000000000000000000000000000000 0.01132491885748825200000000000000000000000000000000 0.03863762370081915600000000000000000000000000000000 0.05151049562479249000000000000000000000000000000000 0.04667621659930085000000000000000000000000000000000 0.02669169209378070000000000000000000000000000000000 0.00063318650062270310000000000000000000000000000000
0.00292495279061453000000000000000000000000000000000 -0.00886321173637827000000000000000000000000000000000 0.02139416971062853600000000000000000000000000000000 0.02490944187893549800000000000000000000000000000000 0.03848958112673525000000000000000000000000000000000 -0.00518754285453673300000000000000000000000000000000 0.02827129787058597600000000000000000000000000000000 0.00936859616738521800000000000000000000000000000000 0.01248686246237767000000000000000000000000000000000
-0.01735675070458250800000000000000000000000000000000 0.02042041893710583000000000000000000000000000000000 0.02367679978370545700000000000000000000000000000000 0.01465458528624952900000000000000000000000000000000 0.05614124639100706000000000000000000000000000000000 0.04911370749018554400000000000000000000000000000000 0.00007268165475409994000000000000000000000000000000 0.00203558637331193700000000000000000000000000000000 0.02383528534260880000000000000000000000000000000000
-0.03040355815572114000000000000000000000000000000000 0.01337794670920369000000000000000000000000000000000 0.01230904085160431300000000000000000000000000000000 0.03138250022048719000000000000000000000000000000000 -0.00143441255193125300000000000000000000000000000000 0.01689665581581102300000000000000000000000000000000 0.03596032174515612000000000000000000000000000000000 0.01448647123197153500000000000000000000000000000000 -0.00578669005776494900000000000000000000000000000000
-0.01862219880108399000000000000000000000000000000000 -0.01083337801804887800000000000000000000000000000000 -0.00265843691956011100000000000000000000000000000000 -0.01373155568249008100000000000000000000000000000000 -0.03313874989881171500000000000000000000000000000000 -0.01017075700024963100000000000000000000000000000000 0.00558944353103639400000000000000000000000000000000 -0.00682539464935080100000000000000000000000000000000 0.00829536826715681000000000000000000000000000000000
0.00038180800412767127000000000000000000000000000000 0.02662955974506561700000000000000000000000000000000 0.05009007380604825500000000000000000000000000000000 0.07653460512990400000000000000000000000000000000000 0.03348249282011779600000000000000000000000000000000 0.04189167953694128400000000000000000000000000000000 0.04668104868775494000000000000000000000000000000000 0.03418839861625766000000000000000000000000000000000 0.03751984632644752400000000000000000000000000000000
0.01250480989281687100000000000000000000000000000000 0.01132556607247225000000000000000000000000000000000 0.02583804438172076400000000000000000000000000000000 0.01805855502598621400000000000000000000000000000000 0.02184546139111337400000000000000000000000000000000 -0.00036836993853843995000000000000000000000000000000 -0.00355003917326197900000000000000000000000000000000 0.03795914794426068000000000000000000000000000000000 0.01952363046754568600000000000000000000000000000000
-0.02135559143577076700000000000000000000000000000000 0.02792794553194052200000000000000000000000000000000 0.02547601160952586700000000000000000000000000000000 0.01126361782605679000000000000000000000000000000000 0.01863077503934446000000000000000000000000000000000 0.04440662133191993000000000000000000000000000000000 0.02804300707243397700000000000000000000000000000000 0.01258497717140211500000000000000000000000000000000 -0.00989300854063630700000000000000000000000000000000
-0.02944840022822933400000000000000000000000000000000 0.02603476770681505000000000000000000000000000000000 0.02513857757246289000000000000000000000000000000000 0.03914244563352179500000000000000000000000000000000 0.01949266791457773500000000000000000000000000000000 -0.01679075302534886400000000000000000000000000000000 0.01435526143040235500000000000000000000000000000000 0.02085028883784219300000000000000000000000000000000 -0.01747047602458441300000000000000000000000000000000
-0.04687987090356367000000000000000000000000000000000 0.01840500277517582000000000000000000000000000000000 0.01898954297371041600000000000000000000000000000000 0.02977937959821205800000000000000000000000000000000 0.02534601175843253000000000000000000000000000000000 -0.00202955052650056430000000000000000000000000000000 0.01518853540299838200000000000000000000000000000000 0.01336975720859813700000000000000000000000000000000 0.06909008152836747000000000000000000000000000000000
0.00058539898391776580000000000000000000000000000000 -0.02916342481712976000000000000000000000000000000000 -0.04537722578790893000000000000000000000000000000000 -0.05551401270341340500000000000000000000000000000000 -0.06683774677085658000000000000000000000000000000000 -0.05156483798816782000000000000000000000000000000000 -0.04839298956698419000000000000000000000000000000000 -0.01027037439606634200000000000000000000000000000000 0.00371464468623966500000000000000000000000000000000
-0.02392504841765895000000000000000000000000000000000 0.03708433284090414000000000000000000000000000000000 0.00560128601983320600000000000000000000000000000000 0.03223693638331226000000000000000000000000000000000 0.03608839954669148000000000000000000000000000000000 0.03428991617246514000000000000000000000000000000000 0.00761305950583321100000000000000000000000000000000 0.00926288122632923700000000000000000000000000000000 0.00541436605150159150000000000000000000000000000000
-0.01690968778502003500000000000000000000000000000000 0.04317200079630728000000000000000000000000000000000 0.06391200609158408000000000000000000000000000000000 0.07428282656875101000000000000000000000000000000000 0.05446406373835482000000000000000000000000000000000 0.06129488251067176000000000000000000000000000000000 0.07637826580391757000000000000000000000000000000000 0.03791605269473576000000000000000000000000000000000 0.05292690721473491000000000000000000000000000000000
0.00313109503172049800000000000000000000000000000000 0.03887306660954983000000000000000000000000000000000 0.01913536876576794200000000000000000000000000000000 0.03997994328794481000000000000000000000000000000000 0.05174141627606615000000000000000000000000000000000 0.01992600225996023200000000000000000000000000000000 0.01224802743199248900000000000000000000000000000000 0.03077075668305647200000000000000000000000000000000 0.03211144034065125000000000000000000000000000000000
-0.00827362586352708600000000000000000000000000000000 0.03275310517187879000000000000000000000000000000000 0.04384437628757254000000000000000000000000000000000 0.08975952008004906000000000000000000000000000000000 0.04817288878242941000000000000000000000000000000000 0.06272077909543639000000000000000000000000000000000 0.06738879974109849000000000000000000000000000000000 0.05539712576700082000000000000000000000000000000000 0.06006335911612074000000000000000000000000000000000
-0.01434797251159542600000000000000000000000000000000 0.00010290276387578000000000000000000000000000000000 -0.03054606365861873000000000000000000000000000000000 -0.00439045247620610600000000000000000000000000000000 0.00228770979094134600000000000000000000000000000000 0.03200478038019920000000000000000000000000000000000 0.02174368230485368800000000000000000000000000000000 -0.00349857564728172330000000000000000000000000000000 0.00728068756079466000000000000000000000000000000000
-0.01615877487028558000000000000000000000000000000000 0.08991346777678695000000000000000000000000000000000 0.10244607166719560000000000000000000000000000000000 0.04994454074258386000000000000000000000000000000000 0.06153360882649211000000000000000000000000000000000 0.08607222757678500000000000000000000000000000000000 0.08112013204212826000000000000000000000000000000000 0.02815835462345748400000000000000000000000000000000 0.03657110649936823000000000000000000000000000000000
-0.02948879588177889800000000000000000000000000000000 -0.02941030605720370000000000000000000000000000000000 0.01817394876625114000000000000000000000000000000000 -0.00832859045739842200000000000000000000000000000000 0.00692629423700975900000000000000000000000000000000 -0.00043220645445260497000000000000000000000000000000 0.00428449514074077900000000000000000000000000000000 0.01025432966145481000000000000000000000000000000000 -0.00608904026899691700000000000000000000000000000000
0.00250876016222894430000000000000000000000000000000 -0.01297161745666558700000000000000000000000000000000 0.00472773615989592800000000000000000000000000000000 0.01709980400009678300000000000000000000000000000000 0.01317219472084567300000000000000000000000000000000 0.01232847691108667100000000000000000000000000000000 -0.00745628720139698100000000000000000000000000000000 -0.00638546486212107000000000000000000000000000000000 0.01971256130257973600000000000000000000000000000000
0.01081985772577096600000000000000000000000000000000 0.03457445231716583400000000000000000000000000000000 0.03770086582566660500000000000000000000000000000000 0.01616140222559962400000000000000000000000000000000 0.01825158813317669500000000000000000000000000000000 0.02523324187346659400000000000000000000000000000000 0.02901680487926762000000000000000000000000000000000 0.00226842227490881100000000000000000000000000000000 0.03011089129971728000000000000000000000000000000000
-0.00123720201519003560000000000000000000000000000000 0.02245450642107828000000000000000000000000000000000 0.03607664401926234000000000000000000000000000000000 0.00889783509883030500000000000000000000000000000000 0.03440350120696168000000000000000000000000000000000 0.00699463758702754960000000000000000000000000000000 0.02292383203833499300000000000000000000000000000000 0.00900876352011462300000000000000000000000000000000 0.01801017113578286300000000000000000000000000000000
-0.00452104678432385900000000000000000000000000000000 -0.02033614107499205300000000000000000000000000000000 -0.01076493729646390300000000000000000000000000000000 -0.00495308124887341000000000000000000000000000000000 -0.02510312285673576800000000000000000000000000000000 -0.02469144541165515400000000000000000000000000000000 -0.00439210880070940900000000000000000000000000000000 -0.01043145587250634000000000000000000000000000000000 -0.01177414940733333700000000000000000000000000000000
-0.01607045461950798400000000000000000000000000000000 0.04821456231377934500000000000000000000000000000000 0.05852390636912713000000000000000000000000000000000 0.03647717311161110400000000000000000000000000000000 0.06151690212053297000000000000000000000000000000000 0.06121292918432924600000000000000000000000000000000 0.04362182744893277000000000000000000000000000000000 0.05703691776104380000000000000000000000000000000000 0.02591448936061219500000000000000000000000000000000
-0.01440844197433772400000000000000000000000000000000 0.03094220906154500400000000000000000000000000000000 0.02452375082902645200000000000000000000000000000000 0.02540965679751126500000000000000000000000000000000 0.02012750072010566000000000000000000000000000000000 0.02490365980868124500000000000000000000000000000000 0.01585780353936386300000000000000000000000000000000 0.02284257136432651600000000000000000000000000000000 0.01632723759475481600000000000000000000000000000000
-0.02185595430723440000000000000000000000000000000000 0.05405314320104400000000000000000000000000000000000 0.07153485879586392000000000000000000000000000000000 0.03467611464951416000000000000000000000000000000000 0.05606015236874561000000000000000000000000000000000 0.04585417237401736000000000000000000000000000000000 0.05315111626789046000000000000000000000000000000000 0.05408941697268520400000000000000000000000000000000 0.02592280522619746700000000000000000000000000000000
-0.02443937614169187000000000000000000000000000000000 0.02428603324605014000000000000000000000000000000000 0.04202471916877821000000000000000000000000000000000 0.03818592068045997000000000000000000000000000000000 0.04020438233142233000000000000000000000000000000000 0.03668793613331361400000000000000000000000000000000 0.05129027857815466000000000000000000000000000000000 0.04156733194755312000000000000000000000000000000000 0.03018462190689430800000000000000000000000000000000
0.02233711155570493000000000000000000000000000000000 0.02661522332008206200000000000000000000000000000000 -0.01585563885847069600000000000000000000000000000000 0.01042525490368963900000000000000000000000000000000 0.00775564817530644940000000000000000000000000000000 0.02194022721226695700000000000000000000000000000000 0.02372267089156170400000000000000000000000000000000 0.00168850118613507370000000000000000000000000000000 0.02731098656042345700000000000000000000000000000000
-0.00333875164416403470000000000000000000000000000000 0.02392044384129073000000000000000000000000000000000 0.03018594019179128200000000000000000000000000000000 0.06011543410626490000000000000000000000000000000000 0.05900854038519286000000000000000000000000000000000 0.05248847164024518000000000000000000000000000000000 0.05136078595818314000000000000000000000000000000000 0.02122670535339939500000000000000000000000000000000 0.02639331053773131000000000000000000000000000000000
-0.01295828019079633300000000000000000000000000000000 -0.01374944363197879200000000000000000000000000000000 0.00569303194633410600000000000000000000000000000000 -0.00139997645513017010000000000000000000000000000000 -0.04032415137402668000000000000000000000000000000000 -0.02012158305444901700000000000000000000000000000000 0.00487660778276039900000000000000000000000000000000 0.01101349882030798500000000000000000000000000000000 -0.00387211954189321550000000000000000000000000000000
-0.01987317396165230000000000000000000000000000000000 -0.00106686578265329560000000000000000000000000000000 0.01335339252357627300000000000000000000000000000000 0.00306655291995151140000000000000000000000000000000 -0.01499772978793118900000000000000000000000000000000 -0.01513118560813101800000000000000000000000000000000 -0.01837091427402989800000000000000000000000000000000 0.00774193037052522200000000000000000000000000000000 0.02103964193649225300000000000000000000000000000000
0.01038221860584213500000000000000000000000000000000 -0.02206315471193473000000000000000000000000000000000 -0.03079282844518150400000000000000000000000000000000 -0.01511106314624675900000000000000000000000000000000 -0.02813872657285130000000000000000000000000000000000 -0.00877653843877752500000000000000000000000000000000 -0.03347049137515790000000000000000000000000000000000 -0.01312552951758384800000000000000000000000000000000 0.00486777606736365450000000000000000000000000000000
0.02450816621775677000000000000000000000000000000000 0.03652946515177394000000000000000000000000000000000 0.03440008709994940600000000000000000000000000000000 0.02212194885838815800000000000000000000000000000000 -0.00098088421093119100000000000000000000000000000000 0.00594430035247202000000000000000000000000000000000 0.01484963799863218000000000000000000000000000000000 0.02365335563163888000000000000000000000000000000000 0.02578768095730304600000000000000000000000000000000
0.01172899239708472300000000000000000000000000000000 0.02067925297563000300000000000000000000000000000000 0.03027569154448206000000000000000000000000000000000 0.00775184278080287500000000000000000000000000000000 0.02333932600368720700000000000000000000000000000000 0.02358481495673002000000000000000000000000000000000 0.00678292750168009500000000000000000000000000000000 0.02726712626718114400000000000000000000000000000000 0.01285796415001484200000000000000000000000000000000
0.00441850052839134700000000000000000000000000000000 0.05734488939926369500000000000000000000000000000000 0.10869955051070794000000000000000000000000000000000 0.05747893022560511000000000000000000000000000000000 0.07839883213787659000000000000000000000000000000000 0.09308736852136665000000000000000000000000000000000 0.07113866679403304000000000000000000000000000000000 0.05269899442257503000000000000000000000000000000000 0.08495003763901227000000000000000000000000000000000
-0.00992212310115190400000000000000000000000000000000 0.01862778163167858700000000000000000000000000000000 0.00690394885756256900000000000000000000000000000000 0.00414769770378309200000000000000000000000000000000 0.01971752707263150000000000000000000000000000000000 0.00992868831794861000000000000000000000000000000000 0.01670733085323123000000000000000000000000000000000 0.00707122140741602000000000000000000000000000000000 0.00530267631119601900000000000000000000000000000000
-0.02093491163709575000000000000000000000000000000000 0.03651533093708518600000000000000000000000000000000 0.03647989951253661000000000000000000000000000000000 0.04373197791165796000000000000000000000000000000000 0.02112151861763800000000000000000000000000000000000 0.01825004150406831300000000000000000000000000000000 0.01434443160874215200000000000000000000000000000000 0.03435029313439930000000000000000000000000000000000 0.01032014855143890600000000000000000000000000000000
0.00659689925973743300000000000000000000000000000000 0.05105087994625126500000000000000000000000000000000 0.02579163486847965400000000000000000000000000000000 0.04734912924661616000000000000000000000000000000000 0.06970335096667066000000000000000000000000000000000 0.05737465397389560000000000000000000000000000000000 0.03252639290143145000000000000000000000000000000000 0.04932199752794609600000000000000000000000000000000 0.02037136619984275200000000000000000000000000000000
-0.00331231499895920900000000000000000000000000000000 0.04392272798098937000000000000000000000000000000000 0.00501333278152503000000000000000000000000000000000 0.03866551403950588000000000000000000000000000000000 0.01837552352092742400000000000000000000000000000000 0.01384514591776395800000000000000000000000000000000 0.05334736977413942500000000000000000000000000000000 0.01234470877391399000000000000000000000000000000000 0.01125560443445870000000000000000000000000000000000
-0.01837301154707076000000000000000000000000000000000 0.06298748222339028000000000000000000000000000000000 0.04407882126579102500000000000000000000000000000000 0.07071357998416122000000000000000000000000000000000 0.09444906553103594000000000000000000000000000000000 0.07178241235687632000000000000000000000000000000000 0.07221028446786501000000000000000000000000000000000 0.02742554122237455400000000000000000000000000000000 0.09173573094439169000000000000000000000000000000000
-0.02417305890718071000000000000000000000000000000000 0.00860134768936298200000000000000000000000000000000 0.01323807501657619200000000000000000000000000000000 0.00855925548982244600000000000000000000000000000000 0.00683350995424771800000000000000000000000000000000 0.02959995639843051400000000000000000000000000000000 0.04020041920548870400000000000000000000000000000000 0.02241726324797309000000000000000000000000000000000 0.02403446820539594700000000000000000000000000000000
-0.03771332638670933000000000000000000000000000000000 0.07561969797574568000000000000000000000000000000000 0.09288958553637609000000000000000000000000000000000 0.05212317491881645000000000000000000000000000000000 0.06098862531815215500000000000000000000000000000000 0.06860551326903294000000000000000000000000000000000 0.06897411865760380000000000000000000000000000000000 0.01686144402701472400000000000000000000000000000000 0.07104535022608685000000000000000000000000000000000
0.00814627066372974200000000000000000000000000000000 0.02277340015582799000000000000000000000000000000000 0.00617426505967890400000000000000000000000000000000 -0.00083982617090351560000000000000000000000000000000 -0.01311259984526188700000000000000000000000000000000 0.01292209234169665700000000000000000000000000000000 0.01427183618765621000000000000000000000000000000000 0.00084120913106382060000000000000000000000000000000 0.01276569438328903000000000000000000000000000000000
-0.01123830516792530300000000000000000000000000000000 0.01101340373693241000000000000000000000000000000000 0.02792040150851086000000000000000000000000000000000 -0.01051940976518369500000000000000000000000000000000 0.02804831456226466700000000000000000000000000000000 0.01837713962878543800000000000000000000000000000000 0.00623054815331207550000000000000000000000000000000 -0.01363217678826023600000000000000000000000000000000 0.00505752795511620750000000000000000000000000000000
-0.00784524982855782500000000000000000000000000000000 -0.00250753130985053140000000000000000000000000000000 -0.00156403667549463500000000000000000000000000000000 0.00937732809290742200000000000000000000000000000000 -0.01875457553541751000000000000000000000000000000000 -0.00314071549289501300000000000000000000000000000000 -0.02425774962061337500000000000000000000000000000000 0.03520388850359356500000000000000000000000000000000 -0.00210592175177411280000000000000000000000000000000
0.02242321602147081400000000000000000000000000000000 0.03263815187220174000000000000000000000000000000000 -0.01744634312795970000000000000000000000000000000000 0.00180066869364267460000000000000000000000000000000 0.04180082143321925000000000000000000000000000000000 0.01794798060896359700000000000000000000000000000000 -0.00535648623617803950000000000000000000000000000000 0.00913277538479573000000000000000000000000000000000 0.01126086353039462500000000000000000000000000000000
-0.00591309345914178200000000000000000000000000000000 0.02488070903430172600000000000000000000000000000000 -0.00383473009583916360000000000000000000000000000000 0.02371997062250361500000000000000000000000000000000 0.04489543774852546000000000000000000000000000000000 0.03907467389279810000000000000000000000000000000000 0.01443592117828806200000000000000000000000000000000 0.03754177563437912500000000000000000000000000000000 0.01401323567101533800000000000000000000000000000000
-0.03910228730698421500000000000000000000000000000000 0.02506770473938311300000000000000000000000000000000 0.00400076859478160800000000000000000000000000000000 0.03884108267620196000000000000000000000000000000000 0.02471885700066176000000000000000000000000000000000 0.02159792991843591200000000000000000000000000000000 0.02622354674623625000000000000000000000000000000000 0.02767891722930370500000000000000000000000000000000 0.01416753909180664200000000000000000000000000000000
-0.01158610541507215800000000000000000000000000000000 0.04710058441700215000000000000000000000000000000000 0.06623853322005883000000000000000000000000000000000 0.05412348594325671000000000000000000000000000000000 0.08248652029878094000000000000000000000000000000000 0.07659661943606959000000000000000000000000000000000 0.06321788649358356000000000000000000000000000000000 0.04434175804221402000000000000000000000000000000000 0.04697290645857717000000000000000000000000000000000
-0.01538477211928118500000000000000000000000000000000 0.00352153353475620920000000000000000000000000000000 0.00857864618049560900000000000000000000000000000000 0.00819042355665686900000000000000000000000000000000 -0.00318985208929493040000000000000000000000000000000 -0.00601285958723640100000000000000000000000000000000 0.00850823403964802800000000000000000000000000000000 0.01043682541635394100000000000000000000000000000000 0.02504394490223258000000000000000000000000000000000
-0.00991047613590713400000000000000000000000000000000 -0.01369587668691321100000000000000000000000000000000 -0.00318910463298832200000000000000000000000000000000 -0.00695877168033822700000000000000000000000000000000 0.00780257514517026100000000000000000000000000000000 -0.00993585834643862300000000000000000000000000000000 -0.01397233573970643600000000000000000000000000000000 0.01096354683739660500000000000000000000000000000000 -0.01511098802778454600000000000000000000000000000000
-0.01451924982251724300000000000000000000000000000000 0.00342100426936050800000000000000000000000000000000 0.00306810382429666000000000000000000000000000000000 0.04579505106111923000000000000000000000000000000000 0.04505383999404937600000000000000000000000000000000 0.05975757587622680000000000000000000000000000000000 0.02409011538293408200000000000000000000000000000000 0.03080063109127374700000000000000000000000000000000 0.02552626283001643500000000000000000000000000000000
-0.00639357737858599300000000000000000000000000000000 0.01602775193289139000000000000000000000000000000000 0.03322779229707842000000000000000000000000000000000 -0.00430484943372158000000000000000000000000000000000 0.02321380600322159300000000000000000000000000000000 0.01997594893394921000000000000000000000000000000000 0.04680807358736355000000000000000000000000000000000 0.01040398064176005500000000000000000000000000000000 -0.01184807825247416300000000000000000000000000000000
-0.00788764496625050800000000000000000000000000000000 -0.00694029486278345460000000000000000000000000000000 -0.02350351527285152200000000000000000000000000000000 -0.02925774383901871000000000000000000000000000000000 -0.01468488761188271200000000000000000000000000000000 -0.02699951903126282500000000000000000000000000000000 -0.03092483178366054300000000000000000000000000000000 0.00749692649206666400000000000000000000000000000000 0.01695875303857161800000000000000000000000000000000
0.00000760904342607653800000000000000000000000000000 0.07254838958260316000000000000000000000000000000000 0.08307434739791479000000000000000000000000000000000 0.08883285563919860000000000000000000000000000000000 0.07511816822028879000000000000000000000000000000000 0.07420384150410576000000000000000000000000000000000 0.04019665088377455400000000000000000000000000000000 0.04696906071808514000000000000000000000000000000000 0.06151433959428339000000000000000000000000000000000
