0.01120172418255695200000000000000000000000000000000 -7.80461454157460700000000000000000000000000000000000
-0.02334072677080628600000000000000000000000000000000 -0.68643562537606670000000000000000000000000000000000
-0.01125116244605068500000000000000000000000000000000 -0.65216257441004500000000000000000000000000000000000
-0.00258489729960534230000000000000000000000000000000 -0.68502170196093830000000000000000000000000000000000
-0.00603974579196949900000000000000000000000000000000 -0.67867122270474180000000000000000000000000000000000
-0.01932400082197248800000000000000000000000000000000 -0.66756652208555100000000000000000000000000000000000
0.00632865118562166400000000000000000000000000000000 -0.68449034245526030000000000000000000000000000000000
-0.00666339746815364000000000000000000000000000000000 -0.68435574605861370000000000000000000000000000000000
0.00400069044170496500000000000000000000000000000000 -0.65101827958169530000000000000000000000000000000000
0.00022417967177238741000000000000000000000000000000 -0.69377303643869360000000000000000000000000000000000
-0.00541666085324280000000000000000000000000000000000 -0.68705387261214260000000000000000000000000000000000
-0.01274508362089393000000000000000000000000000000000 -0.68615866966357430000000000000000000000000000000000
-0.00268030217017188860000000000000000000000000000000 -0.68319058731992580000000000000000000000000000000000
0.00357222759387183200000000000000000000000000000000 -0.64489464740940220000000000000000000000000000000000
-0.01776120760311360500000000000000000000000000000000 -0.68392710874988500000000000000000000000000000000000
-0.01421386497458720600000000000000000000000000000000 -0.66182347485655410000000000000000000000000000000000
-0.02408414579829820000000000000000000000000000000000 -0.66979607834773920000000000000000000000000000000000
-0.01099707797312358600000000000000000000000000000000 -0.67804753936147730000000000000000000000000000000000
0.00770520898077081400000000000000000000000000000000 -0.69218958695167200000000000000000000000000000000000
0.00291188224786509150000000000000000000000000000000 -0.68985328795546600000000000000000000000000000000000
0.00193381965784363880000000000000000000000000000000 -0.68857664767160160000000000000000000000000000000000
-0.01679695576680543000000000000000000000000000000000 -0.68230812591426120000000000000000000000000000000000
0.00102270765355905530000000000000000000000000000000 -0.68529974410196200000000000000000000000000000000000
-0.01427867192860399200000000000000000000000000000000 -0.66246255269285850000000000000000000000000000000000
0.00669528508600357500000000000000000000000000000000 -0.67543745031269780000000000000000000000000000000000
-0.00817780718616628800000000000000000000000000000000 -0.68956148604146820000000000000000000000000000000000
-0.00023176046421502765000000000000000000000000000000 -0.66076431339166950000000000000000000000000000000000
0.00704627988387955600000000000000000000000000000000 -0.67809097327981170000000000000000000000000000000000
-0.00170382876201882360000000000000000000000000000000 -0.66774365148187980000000000000000000000000000000000
-0.01297431670559853400000000000000000000000000000000 -0.67191565377023840000000000000000000000000000000000
-0.00842539430688464200000000000000000000000000000000 -0.67056169988771240000000000000000000000000000000000
-0.01133516917741668500000000000000000000000000000000 -0.68496749492034430000000000000000000000000000000000
-0.00020249364455101563000000000000000000000000000000 -0.66814214318932360000000000000000000000000000000000
0.00693310658826004400000000000000000000000000000000 -0.61850565630896610000000000000000000000000000000000
-0.02077316748496677000000000000000000000000000000000 -0.67232365952381560000000000000000000000000000000000
0.00048123560134893505000000000000000000000000000000 -0.68736474846383770000000000000000000000000000000000
-0.01345515306690790700000000000000000000000000000000 -0.70149159800911850000000000000000000000000000000000
-0.00536734036273512000000000000000000000000000000000 -0.67581215067364530000000000000000000000000000000000
0.01213161339409495000000000000000000000000000000000 -0.65838373481611410000000000000000000000000000000000
0.02023420082811351600000000000000000000000000000000 -0.68977338762163210000000000000000000000000000000000
-0.00431692352470318740000000000000000000000000000000 -0.67316869460354310000000000000000000000000000000000
-0.01119001390638892100000000000000000000000000000000 -0.66394158547466380000000000000000000000000000000000
-0.01413637263669517700000000000000000000000000000000 -0.68912668281469620000000000000000000000000000000000
-0.01572762234413195200000000000000000000000000000000 -0.66377631343437990000000000000000000000000000000000
-0.00649478916488512100000000000000000000000000000000 -0.68837331133753670000000000000000000000000000000000
-0.01252365641886444800000000000000000000000000000000 -0.67219812547826030000000000000000000000000000000000
0.00220391691748555200000000000000000000000000000000 -0.69686377882871350000000000000000000000000000000000
-0.01469771717848229400000000000000000000000000000000 -0.69273398404864210000000000000000000000000000000000
-0.00049629551527272720000000000000000000000000000000 -0.68267662077541050000000000000000000000000000000000
-0.00035508081920532144000000000000000000000000000000 -0.66786169739731090000000000000000000000000000000000
0.00935447951348024300000000000000000000000000000000 -0.66852878184961570000000000000000000000000000000000
-0.00312084184750521600000000000000000000000000000000 -0.69903513885190730000000000000000000000000000000000
0.01337031606895369700000000000000000000000000000000 -0.66483372168868070000000000000000000000000000000000
0.01221911510143491500000000000000000000000000000000 -0.69671153611126760000000000000000000000000000000000
0.00283148340808871900000000000000000000000000000000 -0.66579990615389930000000000000000000000000000000000
-0.01894166699239266400000000000000000000000000000000 -0.65152629268086320000000000000000000000000000000000
-0.00302472063027231860000000000000000000000000000000 -0.68566323998776930000000000000000000000000000000000
0.00282684212680717700000000000000000000000000000000 -0.67651669156450240000000000000000000000000000000000
-0.00460366078786218250000000000000000000000000000000 -0.67231702725683810000000000000000000000000000000000
-0.00080850474574898580000000000000000000000000000000 1.98695427602206330000000000000000000000000000000000
0.00471544938427215500000000000000000000000000000000 -0.65672666707584770000000000000000000000000000000000
-0.01026216730715001500000000000000000000000000000000 -0.66738054161711110000000000000000000000000000000000
-0.00564005045560989700000000000000000000000000000000 -0.64604771264790530000000000000000000000000000000000
-0.00319867203041017880000000000000000000000000000000 -0.69723956459355640000000000000000000000000000000000
-0.00841948316757875800000000000000000000000000000000 -0.68807193488153640000000000000000000000000000000000
-0.00441970867395143500000000000000000000000000000000 -0.68475447878366040000000000000000000000000000000000
-0.00004248172313259073000000000000000000000000000000 -0.68310651296025250000000000000000000000000000000000
-0.02820429711569107800000000000000000000000000000000 -0.67546213863078120000000000000000000000000000000000
-0.01061933044711284300000000000000000000000000000000 -0.66937851897225660000000000000000000000000000000000
-0.01138542224885874900000000000000000000000000000000 -0.69611926981186890000000000000000000000000000000000
-0.02972574014523804800000000000000000000000000000000 -0.68737828233445720000000000000000000000000000000000
-0.00629771786673922500000000000000000000000000000000 -0.69411320911289050000000000000000000000000000000000
-0.00237770258462163730000000000000000000000000000000 -0.68197167115118620000000000000000000000000000000000
-0.01924538054859956500000000000000000000000000000000 -0.67633275686958870000000000000000000000000000000000
-0.00795169037587679000000000000000000000000000000000 -0.68436505442658080000000000000000000000000000000000
-0.02610246540741846000000000000000000000000000000000 -0.68669808362169160000000000000000000000000000000000
0.00125722618547264520000000000000000000000000000000 -0.69341681870003240000000000000000000000000000000000
-0.00402420314035794800000000000000000000000000000000 -0.69161081559937630000000000000000000000000000000000
-0.00865465766319490700000000000000000000000000000000 -0.69990237072565490000000000000000000000000000000000
0.00502525708136696400000000000000000000000000000000 -0.67502385969473400000000000000000000000000000000000
-0.00022856319661946223000000000000000000000000000000 -0.69904445244746580000000000000000000000000000000000
-0.02307099120327958700000000000000000000000000000000 -0.68157436097884630000000000000000000000000000000000
-0.00837611801203051700000000000000000000000000000000 -0.68413740127392770000000000000000000000000000000000
-0.01432743021014902500000000000000000000000000000000 -0.67497535921464600000000000000000000000000000000000
-0.00132982645345079400000000000000000000000000000000 -0.65830597827034350000000000000000000000000000000000
-0.00651797720058534600000000000000000000000000000000 -0.65389047803397770000000000000000000000000000000000
-0.01267693637498321300000000000000000000000000000000 -0.68021292937634480000000000000000000000000000000000
-0.00375315930510090830000000000000000000000000000000 -0.67107276723007530000000000000000000000000000000000
-0.02001916197641594500000000000000000000000000000000 -0.68287703549454310000000000000000000000000000000000
-0.00581267530220312400000000000000000000000000000000 -0.68891913323677880000000000000000000000000000000000
0.01080554574487490500000000000000000000000000000000 -0.68408106624245760000000000000000000000000000000000
0.00006331486221708253000000000000000000000000000000 -0.70102637167288000000000000000000000000000000000000
-0.01267435968898242600000000000000000000000000000000 -0.69949488030402870000000000000000000000000000000000
0.01205788442804721400000000000000000000000000000000 -0.68305963067382180000000000000000000000000000000000
-0.00069882087832224150000000000000000000000000000000 -0.66301279508227170000000000000000000000000000000000
-0.01091232966654939400000000000000000000000000000000 -0.67782216290385400000000000000000000000000000000000
-0.02411217409263087200000000000000000000000000000000 -0.67800674684158260000000000000000000000000000000000
-0.00724433106169373200000000000000000000000000000000 -0.69431857516187180000000000000000000000000000000000
-0.00497475075027036750000000000000000000000000000000 -0.67621287724116600000000000000000000000000000000000
-0.00472812809485053600000000000000000000000000000000 -0.61572688068766980000000000000000000000000000000000
-0.01119034302755275700000000000000000000000000000000 -0.68261319035075630000000000000000000000000000000000
