-0.00526220925923997200000000000000000000000000000000 -9.36708816349627900000000000000000000000000000000000
-0.00235692562206552800000000000000000000000000000000 -0.31252251315601554000000000000000000000000000000000
-0.00664944941526178150000000000000000000000000000000 -0.41643715074794380000000000000000000000000000000000
-0.00445895633230586700000000000000000000000000000000 -0.47865720774134270000000000000000000000000000000000
0.01365392309053507800000000000000000000000000000000 0.26662090480029865000000000000000000000000000000000
-0.02549648714423893500000000000000000000000000000000 0.03702834974926808000000000000000000000000000000000
0.00883506439970557000000000000000000000000000000000 -0.48747571587311755000000000000000000000000000000000
0.01844971721909553000000000000000000000000000000000 -0.14739791349580977000000000000000000000000000000000
-0.00576330394286617400000000000000000000000000000000 -0.15104162498621201000000000000000000000000000000000
-0.01904756174923777400000000000000000000000000000000 0.03890613768673100000000000000000000000000000000000
0.00659852363368306200000000000000000000000000000000 -0.27733649139118570000000000000000000000000000000000
-0.02540913005600822400000000000000000000000000000000 0.10449258538427120000000000000000000000000000000000
0.00013043382767169605000000000000000000000000000000 -0.60984424246505040000000000000000000000000000000000
-0.03929934224158314000000000000000000000000000000000 -0.30728587456424467000000000000000000000000000000000
-0.00424203334013097600000000000000000000000000000000 0.12076231153017030000000000000000000000000000000000
0.00655113468686394200000000000000000000000000000000 -0.53831772363801780000000000000000000000000000000000
-0.01370720216962860400000000000000000000000000000000 -0.01907454184139280000000000000000000000000000000000
0.00069095818262592850000000000000000000000000000000 0.09967035957398653000000000000000000000000000000000
-0.01666497054163884000000000000000000000000000000000 -0.46915877113559180000000000000000000000000000000000
-0.02648165508391990000000000000000000000000000000000 0.00625294828919086000000000000000000000000000000000
0.00212805860080995860000000000000000000000000000000 0.03603634773898412000000000000000000000000000000000
-0.00485980195383014000000000000000000000000000000000 -1.78613879777575350000000000000000000000000000000000
-0.01094946547080268000000000000000000000000000000000 -0.21645288278352720000000000000000000000000000000000
-0.00485568705509943300000000000000000000000000000000 -0.39161333259536600000000000000000000000000000000000
-0.00356426487343910700000000000000000000000000000000 -0.45921413166156155000000000000000000000000000000000
0.01002249327567909800000000000000000000000000000000 -3.31015237312926100000000000000000000000000000000000
-0.00982482741566747400000000000000000000000000000000 -0.80795779021495250000000000000000000000000000000000
-0.00328026508870079250000000000000000000000000000000 -0.10671930271837958000000000000000000000000000000000
-0.00627102998926965700000000000000000000000000000000 0.08158619641820448000000000000000000000000000000000
-0.00947842441876161800000000000000000000000000000000 -0.10823151979140812000000000000000000000000000000000
0.01335949770347818700000000000000000000000000000000 -0.42887577238950686000000000000000000000000000000000
-0.03524768353571031000000000000000000000000000000000 -0.08618804444229311000000000000000000000000000000000
-0.01237814586825027000000000000000000000000000000000 -0.43798437612303726000000000000000000000000000000000
0.00649059455067101900000000000000000000000000000000 -0.42385224650629120000000000000000000000000000000000
-0.02193184773023781200000000000000000000000000000000 -0.60811798318703280000000000000000000000000000000000
0.00418799805602264400000000000000000000000000000000 -1.51744385215672300000000000000000000000000000000000
0.01174018681848748600000000000000000000000000000000 -0.89931148754092960000000000000000000000000000000000
0.00677761684354001300000000000000000000000000000000 -0.47534108942844944000000000000000000000000000000000
-0.01076367256105046500000000000000000000000000000000 0.14687928574938358000000000000000000000000000000000
-0.00712725546648150900000000000000000000000000000000 -0.05929277159259510000000000000000000000000000000000
0.00933483067022635600000000000000000000000000000000 0.07813624304508353000000000000000000000000000000000
0.00843265311478940200000000000000000000000000000000 -1.38161475213350560000000000000000000000000000000000
-0.01984988900853064400000000000000000000000000000000 -0.40618079722286130000000000000000000000000000000000
-0.01916086278078604400000000000000000000000000000000 -0.12003134277679325000000000000000000000000000000000
-0.00266127348125006000000000000000000000000000000000 -0.04057530732846902000000000000000000000000000000000
0.00365436064532087300000000000000000000000000000000 -0.20088458920531460000000000000000000000000000000000
-0.01044641088499936700000000000000000000000000000000 -0.24399729453630956000000000000000000000000000000000
-0.01427279950763799000000000000000000000000000000000 0.00454342211227203500000000000000000000000000000000
0.00755607903365691700000000000000000000000000000000 -0.02376758870868689700000000000000000000000000000000
-0.00084735156021770170000000000000000000000000000000 -0.13181666942091974000000000000000000000000000000000
-0.00253111157430171030000000000000000000000000000000 -0.13251638115939177000000000000000000000000000000000
0.01166616259288706300000000000000000000000000000000 -0.09378595973583265000000000000000000000000000000000
0.01834919113458763700000000000000000000000000000000 -0.75035755424713820000000000000000000000000000000000
-0.01000862326865627200000000000000000000000000000000 -1.18368270366940780000000000000000000000000000000000
-0.00795748174095459000000000000000000000000000000000 -0.19100184343805982000000000000000000000000000000000
-0.00827957625998307200000000000000000000000000000000 -0.06074095673884989000000000000000000000000000000000
0.00267464550924668460000000000000000000000000000000 -0.36913291009435617000000000000000000000000000000000
0.00200392966943377200000000000000000000000000000000 -0.16086146384401226000000000000000000000000000000000
-0.00188401194037193230000000000000000000000000000000 -1.21884327176019420000000000000000000000000000000000
-0.00064562114350430120000000000000000000000000000000 -0.22739754782791674000000000000000000000000000000000
-0.01016488451021444300000000000000000000000000000000 -0.45140347867943925000000000000000000000000000000000
-0.02210431063575354000000000000000000000000000000000 -0.20691409389784168000000000000000000000000000000000
-0.01200776720690230200000000000000000000000000000000 0.04876175684869159000000000000000000000000000000000
0.00014971046761524942000000000000000000000000000000 0.02753454629750838300000000000000000000000000000000
0.00993243433408473600000000000000000000000000000000 -0.02595588259172118600000000000000000000000000000000
-0.01021636835091897400000000000000000000000000000000 -0.59617085909175070000000000000000000000000000000000
0.00019714206733898160000000000000000000000000000000 -0.24966694171102440000000000000000000000000000000000
-0.00783833792678356600000000000000000000000000000000 -0.22371411218590430000000000000000000000000000000000
-0.00081365644037324510000000000000000000000000000000 0.12945522305730572000000000000000000000000000000000
-0.01920231501381100500000000000000000000000000000000 0.14327911023619866000000000000000000000000000000000
0.00238186079725305740000000000000000000000000000000 -0.32474878349919356000000000000000000000000000000000
-0.00715662839685051850000000000000000000000000000000 0.26698914541201560000000000000000000000000000000000
-0.01774164769501615500000000000000000000000000000000 -0.43101053971326930000000000000000000000000000000000
0.00504273132615347500000000000000000000000000000000 -0.33164484545176875000000000000000000000000000000000
0.01106311055535210900000000000000000000000000000000 -0.21391577662314676000000000000000000000000000000000
-0.00565508995407192250000000000000000000000000000000 -0.01576096448221510000000000000000000000000000000000
-0.00032847703214408577000000000000000000000000000000 -0.51855456653225630000000000000000000000000000000000
-0.01156394947361978300000000000000000000000000000000 -0.34746506889875595000000000000000000000000000000000
-0.00794863187891455700000000000000000000000000000000 -0.02845408821014522300000000000000000000000000000000
-0.00840083790864496800000000000000000000000000000000 -0.21008464086468412000000000000000000000000000000000
-0.01297720594323896100000000000000000000000000000000 0.08160020368676088000000000000000000000000000000000
0.00279171510982754300000000000000000000000000000000 -0.16193423745368016000000000000000000000000000000000
0.00055391268630713970000000000000000000000000000000 -0.39266715112517286000000000000000000000000000000000
-0.00402579110009728100000000000000000000000000000000 0.05753269771674551000000000000000000000000000000000
0.00017518903624359154000000000000000000000000000000 -0.93038977431444390000000000000000000000000000000000
0.00342316652427808370000000000000000000000000000000 0.08901717846807040000000000000000000000000000000000
-0.00878366538473231000000000000000000000000000000000 -0.06334025307135414000000000000000000000000000000000
-0.01520676223679886700000000000000000000000000000000 -0.24836670924977408000000000000000000000000000000000
0.00415310668226234500000000000000000000000000000000 -0.46652968551855720000000000000000000000000000000000
0.01090860442153522600000000000000000000000000000000 -0.08234514273525925000000000000000000000000000000000
-0.01830772963551734000000000000000000000000000000000 -0.60029591367120190000000000000000000000000000000000
-0.00413785848136495700000000000000000000000000000000 -0.19628346601996050000000000000000000000000000000000
0.00144644087974509640000000000000000000000000000000 -0.95934165157697700000000000000000000000000000000000
-0.00031617741643454825000000000000000000000000000000 -0.94189199889734820000000000000000000000000000000000
-0.00194446691104014280000000000000000000000000000000 0.15484569198706860000000000000000000000000000000000
0.00350982128476680300000000000000000000000000000000 -0.03493451395025199000000000000000000000000000000000
-0.02067417429262541400000000000000000000000000000000 0.16158795520297098000000000000000000000000000000000
0.02250427362359171800000000000000000000000000000000 -0.53373814575309940000000000000000000000000000000000
-0.00619938865261170200000000000000000000000000000000 0.02250280649775097000000000000000000000000000000000
-0.00761392319902826400000000000000000000000000000000 0.10214410653166514000000000000000000000000000000000
-0.01323977012500187100000000000000000000000000000000 0.05919524139576668600000000000000000000000000000000
