0.00368869538831160600000000000000000000000000000000 -24.03819900307597700000000000000000000000000000000000
-0.00187524946713288890000000000000000000000000000000 -2.85088098813805320000000000000000000000000000000000
-0.00819604493932010200000000000000000000000000000000 -6.68793015491213200000000000000000000000000000000000
-0.00043707352975568274000000000000000000000000000000 -2.42389854727832650000000000000000000000000000000000
-0.00705119626313002200000000000000000000000000000000 -3.70413122287981980000000000000000000000000000000000
0.00148022672944635700000000000000000000000000000000 -4.53832235093112400000000000000000000000000000000000
0.00016070421996291140000000000000000000000000000000 -2.47835579073335670000000000000000000000000000000000
0.00177971339437753100000000000000000000000000000000 -7.01199276884977100000000000000000000000000000000000
-0.00459238214830164200000000000000000000000000000000 -2.66253891033312700000000000000000000000000000000000
-0.00463349148149061800000000000000000000000000000000 -3.42672272270354040000000000000000000000000000000000
0.00320978924835641160000000000000000000000000000000 -9.29760403651766300000000000000000000000000000000000
-0.00174733152144818300000000000000000000000000000000 -3.05383517720721850000000000000000000000000000000000
-0.00098324159543283560000000000000000000000000000000 -9.78034494147403000000000000000000000000000000000000
0.00518758359944443900000000000000000000000000000000 -3.29943128251219200000000000000000000000000000000000
-0.00240808946762803600000000000000000000000000000000 -2.15883846537781960000000000000000000000000000000000
-0.00265764136547151550000000000000000000000000000000 -2.18490711300011600000000000000000000000000000000000
-0.00196142860451089400000000000000000000000000000000 -6.24218448531453200000000000000000000000000000000000
-0.00151310284380876260000000000000000000000000000000 -12.44072656413000100000000000000000000000000000000000
-0.00090583473485470390000000000000000000000000000000 -2.55753112743379060000000000000000000000000000000000
0.00142347492579600720000000000000000000000000000000 -1.96324241047018560000000000000000000000000000000000
0.00363192176417839180000000000000000000000000000000 -4.41682027788923400000000000000000000000000000000000
0.00049740705778011580000000000000000000000000000000 -1.89739690854624500000000000000000000000000000000000
-0.00528286273118360800000000000000000000000000000000 -3.93948329656783120000000000000000000000000000000000
-0.00453812385708389500000000000000000000000000000000 -2.87880901555534200000000000000000000000000000000000
-0.00163743986242186600000000000000000000000000000000 -6.39955576334884500000000000000000000000000000000000
-0.00053054681141120890000000000000000000000000000000 -7.36042785796919600000000000000000000000000000000000
-0.00463768641505002100000000000000000000000000000000 -7.68745750671030150000000000000000000000000000000000
-0.00355713505589758640000000000000000000000000000000 -3.02494642751594700000000000000000000000000000000000
-0.00443359141564644150000000000000000000000000000000 -3.70190101864901070000000000000000000000000000000000
0.00474017834608269100000000000000000000000000000000 -2.11120669437764930000000000000000000000000000000000
-0.00371738510837381570000000000000000000000000000000 -2.38309178095758730000000000000000000000000000000000
0.00643596493195307300000000000000000000000000000000 -2.41271999795284930000000000000000000000000000000000
0.00202476977723210900000000000000000000000000000000 -2.82539672143505260000000000000000000000000000000000
-0.00763296827942931000000000000000000000000000000000 -3.24324754769177500000000000000000000000000000000000
-0.00100069343918288730000000000000000000000000000000 -3.66273192173216170000000000000000000000000000000000
-0.00014351989209674385000000000000000000000000000000 -4.01191987061733300000000000000000000000000000000000
-0.00228791346454133300000000000000000000000000000000 -2.28740238626086030000000000000000000000000000000000
-0.00181932324152967070000000000000000000000000000000 -2.41230427920121200000000000000000000000000000000000
-0.00001689103747881605600000000000000000000000000000 -3.15933113671581000000000000000000000000000000000000
0.00121674926017187150000000000000000000000000000000 -2.96752766789171750000000000000000000000000000000000
-0.00110559165710368400000000000000000000000000000000 -1.44072148843800530000000000000000000000000000000000
-0.00410165831074194000000000000000000000000000000000 -3.72991652909917630000000000000000000000000000000000
-0.00481745830153821600000000000000000000000000000000 -11.36199440030496200000000000000000000000000000000000
0.00399567592161717000000000000000000000000000000000 -8.66342323636960800000000000000000000000000000000000
0.00667476255508208000000000000000000000000000000000 -2.75314670975550400000000000000000000000000000000000
0.00150452941869275680000000000000000000000000000000 -4.49876902612124800000000000000000000000000000000000
0.00425763852543710300000000000000000000000000000000 -2.31675962736383760000000000000000000000000000000000
-0.00699440781090784700000000000000000000000000000000 -1.42235961266822140000000000000000000000000000000000
0.00211959919593569670000000000000000000000000000000 -2.90530651436724600000000000000000000000000000000000
-0.00189562077466765770000000000000000000000000000000 -1.86495845112333640000000000000000000000000000000000
-0.00673178618930768800000000000000000000000000000000 -1.63916074868735630000000000000000000000000000000000
-0.00417975444901320700000000000000000000000000000000 -4.08554754144297600000000000000000000000000000000000
-0.00178885939993740340000000000000000000000000000000 -3.35929635859046600000000000000000000000000000000000
-0.00282343597183814200000000000000000000000000000000 -1.95477494684792560000000000000000000000000000000000
-0.00516301875452358960000000000000000000000000000000 -11.42706167166216600000000000000000000000000000000000
0.00186127606478093910000000000000000000000000000000 -3.31740940512553140000000000000000000000000000000000
0.00195609713627898300000000000000000000000000000000 -7.87900671137587100000000000000000000000000000000000
0.00059298186457926430000000000000000000000000000000 -1.29019243290652820000000000000000000000000000000000
-0.00479871443539504000000000000000000000000000000000 -3.72791720627708800000000000000000000000000000000000
0.00029988538793657190000000000000000000000000000000 -3.42349818898339330000000000000000000000000000000000
-0.00187961639967010320000000000000000000000000000000 -3.56089363350779830000000000000000000000000000000000
-0.00063536861780251000000000000000000000000000000000 -2.89868284189409180000000000000000000000000000000000
-0.00140521433601491630000000000000000000000000000000 -5.55960522995138600000000000000000000000000000000000
-0.00176809168246810360000000000000000000000000000000 -5.66127230293894800000000000000000000000000000000000
0.00373777578158851530000000000000000000000000000000 -5.26829975037526300000000000000000000000000000000000
0.00117016515517738520000000000000000000000000000000 -2.48558778964712500000000000000000000000000000000000
-0.00301303344062413530000000000000000000000000000000 -5.14709744574518900000000000000000000000000000000000
-0.00205789226696475670000000000000000000000000000000 -11.57034215933619800000000000000000000000000000000000
-0.00133929304767373160000000000000000000000000000000 -5.75040343657753900000000000000000000000000000000000
0.00248261002557193270000000000000000000000000000000 -4.90703026165069700000000000000000000000000000000000
0.00356400891600875400000000000000000000000000000000 -0.64413567723437120000000000000000000000000000000000
0.00247726873540601640000000000000000000000000000000 -2.32962991355899800000000000000000000000000000000000
0.00161918392463326470000000000000000000000000000000 -3.06780777765351800000000000000000000000000000000000
-0.00038046652528346417000000000000000000000000000000 -2.00949885769538700000000000000000000000000000000000
-0.00532409653193594450000000000000000000000000000000 -4.76868272877920300000000000000000000000000000000000
0.00370599828966112130000000000000000000000000000000 -3.51275954128127180000000000000000000000000000000000
-0.00351898037577119600000000000000000000000000000000 -3.86016092154291360000000000000000000000000000000000
-0.00238311412777748700000000000000000000000000000000 -1.33160440686724810000000000000000000000000000000000
0.00162003175459604670000000000000000000000000000000 -1.42940453877611630000000000000000000000000000000000
-0.00288057310394926850000000000000000000000000000000 -8.18776730808149500000000000000000000000000000000000
-0.00496160122285326300000000000000000000000000000000 19.95204815914747300000000000000000000000000000000000
0.00222432107584162550000000000000000000000000000000 -1.80520228056717210000000000000000000000000000000000
-0.00036861122199706160000000000000000000000000000000 -1.05165144807580400000000000000000000000000000000000
0.00109263726977892700000000000000000000000000000000 -13.17990337305559100000000000000000000000000000000000
-0.00419552593118244600000000000000000000000000000000 -3.82703220473440900000000000000000000000000000000000
-0.00021519691179568970000000000000000000000000000000 -3.78050611789755200000000000000000000000000000000000
-0.00432218066061829100000000000000000000000000000000 -2.76284078322898050000000000000000000000000000000000
-0.00062040583746739370000000000000000000000000000000 -3.26650049343607700000000000000000000000000000000000
-0.00374791208815892400000000000000000000000000000000 -1.02238801671196390000000000000000000000000000000000
-0.00063092665938706810000000000000000000000000000000 -5.69970570024014900000000000000000000000000000000000
-0.00284244210408371000000000000000000000000000000000 -1.98345012501780580000000000000000000000000000000000
0.00171642583086577910000000000000000000000000000000 -2.52932661488763480000000000000000000000000000000000
-0.00092546342631259420000000000000000000000000000000 -1.91836039383708320000000000000000000000000000000000
-0.00127632991285952720000000000000000000000000000000 -2.24898125341483400000000000000000000000000000000000
-0.00413843944603525100000000000000000000000000000000 -0.99488291999349950000000000000000000000000000000000
0.00064190193467323540000000000000000000000000000000 -2.28576994329973700000000000000000000000000000000000
0.00076125282194299200000000000000000000000000000000 -1.87662275676711500000000000000000000000000000000000
0.00025498813369112330000000000000000000000000000000 -3.52377218372524630000000000000000000000000000000000
-0.00734100539932618100000000000000000000000000000000 -4.58510965247125200000000000000000000000000000000000
-0.00299801433591340000000000000000000000000000000000 -9.71354027280827400000000000000000000000000000000000
-0.00069123476465210890000000000000000000000000000000 -3.47729205753076300000000000000000000000000000000000
-0.00654025012068425500000000000000000000000000000000 -3.94155760776688700000000000000000000000000000000000
-0.00127812734893414700000000000000000000000000000000 -4.99497110704055400000000000000000000000000000000000
-0.00314633926597270400000000000000000000000000000000 -3.39849282263588500000000000000000000000000000000000
-0.00299078639644065500000000000000000000000000000000 18.82527758158608200000000000000000000000000000000000
0.00106128462649863080000000000000000000000000000000 -2.46449835168298260000000000000000000000000000000000
-0.00372699279493162600000000000000000000000000000000 -4.44347295060641900000000000000000000000000000000000
0.00330801588738446600000000000000000000000000000000 19.64163150683587500000000000000000000000000000000000
0.00365989063577499100000000000000000000000000000000 -3.26408927539845100000000000000000000000000000000000
-0.00420673962468970900000000000000000000000000000000 -2.62661782692778670000000000000000000000000000000000
0.00256023212722116460000000000000000000000000000000 -2.43677466067109450000000000000000000000000000000000
0.00458903063952753250000000000000000000000000000000 -1.82056596556940420000000000000000000000000000000000
-0.00514141683278855100000000000000000000000000000000 -2.83819333218650600000000000000000000000000000000000
0.00594149418197610100000000000000000000000000000000 -4.17067487715383500000000000000000000000000000000000
-0.00762474325809678300000000000000000000000000000000 -3.10330515634263770000000000000000000000000000000000
-0.00292720167282548800000000000000000000000000000000 -2.45629012051995050000000000000000000000000000000000
0.00234762132583538000000000000000000000000000000000 -2.38721501874550500000000000000000000000000000000000
0.00134017731779896780000000000000000000000000000000 -1.19299722594985020000000000000000000000000000000000
-0.00437955923418686900000000000000000000000000000000 -2.68399379206824930000000000000000000000000000000000
0.00427306887234816000000000000000000000000000000000 -6.39106820043869700000000000000000000000000000000000
-0.00421085485626458100000000000000000000000000000000 -1.88205984915054620000000000000000000000000000000000
-0.00338131987134006240000000000000000000000000000000 -3.15945246026439230000000000000000000000000000000000
-0.00106434172769641430000000000000000000000000000000 -3.16325891764118870000000000000000000000000000000000
-0.00269996822005887530000000000000000000000000000000 -7.58726674694321800000000000000000000000000000000000
0.00147922750241261200000000000000000000000000000000 -2.11870187894376500000000000000000000000000000000000
-0.00481849561814151800000000000000000000000000000000 -1.70835266985197460000000000000000000000000000000000
-0.00225641545687491100000000000000000000000000000000 -2.05118086402267100000000000000000000000000000000000
0.00000113474240009568340000000000000000000000000000 -4.11176641382338400000000000000000000000000000000000
-0.00364213481656511850000000000000000000000000000000 -3.17121629759962340000000000000000000000000000000000
-0.00610660907731313200000000000000000000000000000000 -1.79461614042753230000000000000000000000000000000000
-0.00671330929125624400000000000000000000000000000000 7.79767933049898900000000000000000000000000000000000
0.00075038796518377660000000000000000000000000000000 -8.77117743862314300000000000000000000000000000000000
-0.00021852319157485665000000000000000000000000000000 -11.33623696628964900000000000000000000000000000000000
-0.00625916969278956550000000000000000000000000000000 -1.51101681489471650000000000000000000000000000000000
-0.00088040189783830460000000000000000000000000000000 -3.56974449310048450000000000000000000000000000000000
-0.00466016578063683700000000000000000000000000000000 -3.54941280548971960000000000000000000000000000000000
-0.00206132967181071140000000000000000000000000000000 -1.86364465059783000000000000000000000000000000000000
0.00330405835102223030000000000000000000000000000000 -3.48960921646011600000000000000000000000000000000000
-0.00124841388738735180000000000000000000000000000000 -8.17163262325749600000000000000000000000000000000000
-0.00490196907141272700000000000000000000000000000000 -3.79381873630542000000000000000000000000000000000000
0.00262399728610564600000000000000000000000000000000 -5.83119796913650200000000000000000000000000000000000
-0.00695012262653019400000000000000000000000000000000 -1.57052981797391160000000000000000000000000000000000
-0.00048244966123874174000000000000000000000000000000 18.72071201280627400000000000000000000000000000000000
-0.00025778107045872664000000000000000000000000000000 -4.02260750806661600000000000000000000000000000000000
0.00083010849892914880000000000000000000000000000000 -3.41415597780456500000000000000000000000000000000000
-0.00897024837481579800000000000000000000000000000000 -3.01381123770350300000000000000000000000000000000000
0.00066853143923983200000000000000000000000000000000 -14.18875923162893600000000000000000000000000000000000
-0.00778532983367598100000000000000000000000000000000 -3.63275604579259030000000000000000000000000000000000
-0.00376667236532640150000000000000000000000000000000 -1.79023788372621900000000000000000000000000000000000
-0.00425820818797070600000000000000000000000000000000 -6.61030993240755650000000000000000000000000000000000
-0.00103814952479949290000000000000000000000000000000 -3.93095118656151050000000000000000000000000000000000
0.00253458282543273600000000000000000000000000000000 -7.11026928239754300000000000000000000000000000000000
0.00255386926554914940000000000000000000000000000000 -6.89202071550882200000000000000000000000000000000000
0.00199793686651835240000000000000000000000000000000 -4.54052961401311800000000000000000000000000000000000
0.00344187425127094130000000000000000000000000000000 -6.46590116476897500000000000000000000000000000000000
-0.00404235050336198900000000000000000000000000000000 4.10083073431323500000000000000000000000000000000000
-0.00530281684577878800000000000000000000000000000000 -1.44051218870557720000000000000000000000000000000000
0.00103560427821886700000000000000000000000000000000 -10.61387872526518400000000000000000000000000000000000
-0.00632192404554664100000000000000000000000000000000 -3.30582398295279500000000000000000000000000000000000
-0.00405567713014745000000000000000000000000000000000 -2.54138541856708770000000000000000000000000000000000
-0.00423845410564143900000000000000000000000000000000 -5.16915224533327800000000000000000000000000000000000
-0.00454590669924882300000000000000000000000000000000 -3.80321703252402200000000000000000000000000000000000
0.00036434903629005810000000000000000000000000000000 -5.89017539600330050000000000000000000000000000000000
-0.00374054732950174100000000000000000000000000000000 -12.07834102609885100000000000000000000000000000000000
-0.00434293010378044900000000000000000000000000000000 -3.77511291905339800000000000000000000000000000000000
0.00334878438483572500000000000000000000000000000000 -7.23658456807934600000000000000000000000000000000000
-0.00188487939563623160000000000000000000000000000000 -3.55108413312964060000000000000000000000000000000000
0.00161079307216655540000000000000000000000000000000 -3.35250252971293300000000000000000000000000000000000
0.00309190230216518970000000000000000000000000000000 -4.76887883512333200000000000000000000000000000000000
-0.00486777433511034500000000000000000000000000000000 -1.84875497238784140000000000000000000000000000000000
0.00024600201174074610000000000000000000000000000000 -4.11581000022276800000000000000000000000000000000000
-0.00241652706627366530000000000000000000000000000000 -16.61530294558120000000000000000000000000000000000000
-0.00289828225486338240000000000000000000000000000000 -2.86836849396063660000000000000000000000000000000000
-0.00223201018306627900000000000000000000000000000000 -3.67802264822771600000000000000000000000000000000000
0.00054869296710857760000000000000000000000000000000 -6.27404748445388500000000000000000000000000000000000
-0.00410833216249290550000000000000000000000000000000 -4.07232238797823800000000000000000000000000000000000
-0.00142691483419179190000000000000000000000000000000 -2.85846055421348800000000000000000000000000000000000
0.00315966353415012130000000000000000000000000000000 -1.57426255504481100000000000000000000000000000000000
0.00130297849737629140000000000000000000000000000000 -1.45072797659990400000000000000000000000000000000000
-0.00037026256096740675000000000000000000000000000000 -4.22783700118149600000000000000000000000000000000000
-0.00472863917424596100000000000000000000000000000000 -2.66683558994238060000000000000000000000000000000000
-0.00052311715626700830000000000000000000000000000000 -5.02886434147181400000000000000000000000000000000000
-0.00272794963180221940000000000000000000000000000000 -5.95570067624553450000000000000000000000000000000000
-0.00253726469939901700000000000000000000000000000000 -2.53387516023368550000000000000000000000000000000000
-0.00226458786421551450000000000000000000000000000000 -5.91699294240677100000000000000000000000000000000000
0.00228550544663263100000000000000000000000000000000 -3.60370508073067430000000000000000000000000000000000
-0.00120489178779244350000000000000000000000000000000 -2.05739719010230200000000000000000000000000000000000
-0.00228449791782076030000000000000000000000000000000 -4.16624897461887700000000000000000000000000000000000
-0.00640336648247891000000000000000000000000000000000 -2.29187038836880270000000000000000000000000000000000
-0.00719448796737212300000000000000000000000000000000 -3.59567517344338050000000000000000000000000000000000
-0.00072872408445095260000000000000000000000000000000 -5.39319682055318950000000000000000000000000000000000
-0.00338353008591359050000000000000000000000000000000 -3.06247892237236900000000000000000000000000000000000
-0.00457850139832581000000000000000000000000000000000 -2.51624351360450700000000000000000000000000000000000
0.00055011342717268580000000000000000000000000000000 -4.73106541861097300000000000000000000000000000000000
-0.00430220773670364300000000000000000000000000000000 -6.39971958016518800000000000000000000000000000000000
-0.00467357922955005400000000000000000000000000000000 -7.46875402958459800000000000000000000000000000000000
-0.00683718016955110100000000000000000000000000000000 -1.84888125117176140000000000000000000000000000000000
-0.00122899702759612580000000000000000000000000000000 -4.32305040282643900000000000000000000000000000000000
0.00063022283491904340000000000000000000000000000000 -1.37326200511488140000000000000000000000000000000000
-0.00859037752889652500000000000000000000000000000000 -2.67637384363788340000000000000000000000000000000000
0.00498466493054468450000000000000000000000000000000 -1.79161145816384450000000000000000000000000000000000
-0.00099516916706852460000000000000000000000000000000 -3.25063488523118330000000000000000000000000000000000
0.00267005976877798860000000000000000000000000000000 -4.95877675574495000000000000000000000000000000000000
-0.00407303738963680500000000000000000000000000000000 -3.91420605223897060000000000000000000000000000000000
-0.00505107948544130900000000000000000000000000000000 -9.78815313791217700000000000000000000000000000000000
-0.00091558197789037890000000000000000000000000000000 -7.02367183091863400000000000000000000000000000000000
-0.00138199253299143000000000000000000000000000000000 -2.80376156893962050000000000000000000000000000000000
-0.00171797552209132600000000000000000000000000000000 -2.20333838990103860000000000000000000000000000000000
-0.00892403970533710600000000000000000000000000000000 -2.21987802428909830000000000000000000000000000000000
-0.00432873027083715900000000000000000000000000000000 -3.06326917150427040000000000000000000000000000000000
0.00073501914528402820000000000000000000000000000000 -5.35856803012854700000000000000000000000000000000000
-0.00665627416253653650000000000000000000000000000000 -6.52130883895334400000000000000000000000000000000000
-0.00239147256537693600000000000000000000000000000000 -5.42665316211959150000000000000000000000000000000000
-0.00571210325704646400000000000000000000000000000000 -1.82701269993496960000000000000000000000000000000000
-0.00031127473084019830000000000000000000000000000000 -5.60390269048741000000000000000000000000000000000000
0.00055958624372326160000000000000000000000000000000 -1.99098984972363670000000000000000000000000000000000
-0.00017186076092434222000000000000000000000000000000 -2.47217058579742060000000000000000000000000000000000
-0.00114658370150322840000000000000000000000000000000 -1.30331292206901180000000000000000000000000000000000
-0.00094877337900240960000000000000000000000000000000 -2.33535653310768800000000000000000000000000000000000
-0.00001786308591220174000000000000000000000000000000 -2.28711953484942600000000000000000000000000000000000
-0.00050645622924260730000000000000000000000000000000 -1.46676283548878250000000000000000000000000000000000
0.00085174042379894700000000000000000000000000000000 -3.51759638821885720000000000000000000000000000000000
-0.00421688014577875800000000000000000000000000000000 -1.73410562497156850000000000000000000000000000000000
-0.00171650443484727730000000000000000000000000000000 -1.34204455858803920000000000000000000000000000000000
0.00195607418918647200000000000000000000000000000000 -9.49521324559821900000000000000000000000000000000000
0.00086816192703550710000000000000000000000000000000 -3.71415008603081900000000000000000000000000000000000
-0.00208292616505387830000000000000000000000000000000 -2.35996450426685500000000000000000000000000000000000
-0.00191571154924429640000000000000000000000000000000 -2.96063750626456820000000000000000000000000000000000
0.00182168584505290400000000000000000000000000000000 -3.11148281285855400000000000000000000000000000000000
-0.00024341624834209970000000000000000000000000000000 -3.30900797559557600000000000000000000000000000000000
-0.00748318759054249000000000000000000000000000000000 -2.61447416126603340000000000000000000000000000000000
-0.00232475991434395860000000000000000000000000000000 -8.66540249135354300000000000000000000000000000000000
-0.00215532677845229100000000000000000000000000000000 -4.20946208996894700000000000000000000000000000000000
-0.00159247133365698320000000000000000000000000000000 -3.96001578579408600000000000000000000000000000000000
-0.00442326055417318200000000000000000000000000000000 -1.85612090562225360000000000000000000000000000000000
0.00264201706723027040000000000000000000000000000000 -3.15868597430274700000000000000000000000000000000000
-0.00392779806586468500000000000000000000000000000000 -8.41088112639485500000000000000000000000000000000000
-0.00235952131590714300000000000000000000000000000000 -8.34155158062344300000000000000000000000000000000000
-0.00051499862345504850000000000000000000000000000000 -2.30220454020198700000000000000000000000000000000000
0.00144769950551670550000000000000000000000000000000 -5.05813276034123100000000000000000000000000000000000
-0.00080638619914716170000000000000000000000000000000 -3.32826123825689100000000000000000000000000000000000
-0.00435058911710091250000000000000000000000000000000 -10.43281799192777700000000000000000000000000000000000
-0.00767001081675348600000000000000000000000000000000 -3.19558678156655000000000000000000000000000000000000
0.00550722565068119050000000000000000000000000000000 -1.69835767093905670000000000000000000000000000000000
0.00020511483786395286000000000000000000000000000000 -2.99056635015035170000000000000000000000000000000000
-0.00222854859097985650000000000000000000000000000000 -1.04568165190101600000000000000000000000000000000000
-0.00514331068280077200000000000000000000000000000000 -3.72100179834660300000000000000000000000000000000000
-0.00204670452408892150000000000000000000000000000000 -11.42275213549706900000000000000000000000000000000000
0.00216367877716186400000000000000000000000000000000 -3.05704738925015900000000000000000000000000000000000
-0.00194232670986331300000000000000000000000000000000 -7.52314952379934800000000000000000000000000000000000
-0.00644341476771102300000000000000000000000000000000 -3.47806530400542500000000000000000000000000000000000
0.00254159629190506840000000000000000000000000000000 -1.70699581097045770000000000000000000000000000000000
-0.00467725670125667000000000000000000000000000000000 -3.56036500407493860000000000000000000000000000000000
0.00226925941907526800000000000000000000000000000000 -2.08243918738118000000000000000000000000000000000000
-0.00163392949094291250000000000000000000000000000000 -4.57888080897122500000000000000000000000000000000000
-0.00374518125637719200000000000000000000000000000000 -3.57356203721048100000000000000000000000000000000000
-0.00177553408929301160000000000000000000000000000000 -2.56639675474840830000000000000000000000000000000000
-0.00578955304184356440000000000000000000000000000000 -13.07819215321059400000000000000000000000000000000000
-0.00709158316919665200000000000000000000000000000000 -2.65259262117213600000000000000000000000000000000000
-0.00460740756880680900000000000000000000000000000000 -1.53281589804022330000000000000000000000000000000000
-0.00295844049589946870000000000000000000000000000000 -2.29643959920809900000000000000000000000000000000000
-0.00444280918374192700000000000000000000000000000000 -9.87926258365089500000000000000000000000000000000000
-0.00044337475267734000000000000000000000000000000000 -2.52408655143220970000000000000000000000000000000000
-0.00289478804881669200000000000000000000000000000000 -15.95564176921701200000000000000000000000000000000000
0.00041428766921088480000000000000000000000000000000 -3.18301152664416960000000000000000000000000000000000
-0.00903896720429267500000000000000000000000000000000 -2.69915527914488100000000000000000000000000000000000
0.00067246120884840170000000000000000000000000000000 -2.38467611150241860000000000000000000000000000000000
-0.00108783207753517920000000000000000000000000000000 -4.33898232834092000000000000000000000000000000000000
-0.00498027217841888600000000000000000000000000000000 -1.89633087975313150000000000000000000000000000000000
0.00384038204633144670000000000000000000000000000000 -2.55375307852617930000000000000000000000000000000000
-0.00695820611804940300000000000000000000000000000000 -5.55215004876118300000000000000000000000000000000000
-0.00108461929711623330000000000000000000000000000000 -3.84908549220334130000000000000000000000000000000000
-0.00071890366499511350000000000000000000000000000000 -3.50576757354742600000000000000000000000000000000000
0.00025112716800768140000000000000000000000000000000 -6.71547280138134100000000000000000000000000000000000
0.00178525103693972070000000000000000000000000000000 -2.79796368646828460000000000000000000000000000000000
-0.00172188308064518480000000000000000000000000000000 -5.54614935360732500000000000000000000000000000000000
-0.00155080019528466840000000000000000000000000000000 -1.02370163243702900000000000000000000000000000000000
-0.00536674950993612700000000000000000000000000000000 -3.90104900808027870000000000000000000000000000000000
-0.00817676907318170600000000000000000000000000000000 13.35237012768578000000000000000000000000000000000000
-0.00250370719478674400000000000000000000000000000000 -4.19512401346970250000000000000000000000000000000000
-0.00313704945267419050000000000000000000000000000000 21.72068223024892600000000000000000000000000000000000
-0.00165698900446072670000000000000000000000000000000 -2.33421423136086100000000000000000000000000000000000
0.00560489964140770500000000000000000000000000000000 -1.58302093386531380000000000000000000000000000000000
0.00073057751256146600000000000000000000000000000000 -3.92552329902066080000000000000000000000000000000000
0.00100211524431615850000000000000000000000000000000 -4.21987043137614400000000000000000000000000000000000
-0.00840228049917612900000000000000000000000000000000 -3.80952872120202770000000000000000000000000000000000
-0.00180046193835792210000000000000000000000000000000 -2.78341558158585400000000000000000000000000000000000
0.00423836010106780200000000000000000000000000000000 -4.63939111396344700000000000000000000000000000000000
-0.00021637941953720386000000000000000000000000000000 -3.50872881950570900000000000000000000000000000000000
-0.00512565668265571600000000000000000000000000000000 -3.36852281885127520000000000000000000000000000000000
0.00337772018840571060000000000000000000000000000000 -6.51774235144827500000000000000000000000000000000000
-0.00476015177276267660000000000000000000000000000000 -3.75184120548873600000000000000000000000000000000000
0.00155192140784829410000000000000000000000000000000 -4.40274717272569500000000000000000000000000000000000
0.00387608662888589340000000000000000000000000000000 -7.23889341013948100000000000000000000000000000000000
-0.00227377679520681960000000000000000000000000000000 -1.20349255707577330000000000000000000000000000000000
0.00213129409276774680000000000000000000000000000000 -5.23151783214028500000000000000000000000000000000000
0.00124507101404306790000000000000000000000000000000 -2.38772535393881260000000000000000000000000000000000
0.00121962945635450660000000000000000000000000000000 -2.26081772726729300000000000000000000000000000000000
-0.00025472946631254110000000000000000000000000000000 -3.65310258257771900000000000000000000000000000000000
-0.00885170623053486800000000000000000000000000000000 -2.00899200226094000000000000000000000000000000000000
-0.00716535597596272900000000000000000000000000000000 -2.88139996102069950000000000000000000000000000000000
