-0.02471417723275589000000000000000000000000000000000 -62.06051186417806000000000000000000000000000000000000
0.00092573929939008570000000000000000000000000000000 -39.35985776790574400000000000000000000000000000000000
0.00419369956589176400000000000000000000000000000000 15.70462056940250200000000000000000000000000000000000
-0.01160039701697550600000000000000000000000000000000 -7.69013215850196400000000000000000000000000000000000
-0.00954432044704371300000000000000000000000000000000 11.45541741719454300000000000000000000000000000000000
0.00166077283574137150000000000000000000000000000000 -22.84303616150931000000000000000000000000000000000000
-0.01774761397259170000000000000000000000000000000000 -53.90444956954441000000000000000000000000000000000000
-0.02285383153767661700000000000000000000000000000000 -9.17524117359125700000000000000000000000000000000000
0.01278638449199836400000000000000000000000000000000 3.44607175079120380000000000000000000000000000000000
0.00347871511057237600000000000000000000000000000000 -9.33786625755452000000000000000000000000000000000000
-0.03633848556916271000000000000000000000000000000000 -7.66091663355556700000000000000000000000000000000000
0.00237228029688307460000000000000000000000000000000 -8.31547495351884400000000000000000000000000000000000
-0.01308766661413748200000000000000000000000000000000 -7.19513027796030300000000000000000000000000000000000
-0.02340632463804660000000000000000000000000000000000 -9.16370992824016000000000000000000000000000000000000
-0.01165957671649405300000000000000000000000000000000 -10.02670040938643400000000000000000000000000000000000
0.01122859326807314200000000000000000000000000000000 -5.51309937780883500000000000000000000000000000000000
-0.00508133906181361500000000000000000000000000000000 -23.33819545040522300000000000000000000000000000000000
-0.02006531297641625200000000000000000000000000000000 -10.94120682570289400000000000000000000000000000000000
-0.01093229801672504200000000000000000000000000000000 16.61178429408322200000000000000000000000000000000000
-0.03322538952439542400000000000000000000000000000000 -36.30590811797926400000000000000000000000000000000000
0.01539538240889750200000000000000000000000000000000 -27.33813416454341200000000000000000000000000000000000
-0.01758991077103882300000000000000000000000000000000 -25.58284174502745000000000000000000000000000000000000
-0.01020266603618556600000000000000000000000000000000 -13.04827099654711200000000000000000000000000000000000
-0.00946659961131261000000000000000000000000000000000 -10.89892193953039400000000000000000000000000000000000
-0.01697085466735302800000000000000000000000000000000 14.66890306508044400000000000000000000000000000000000
-0.01383818494783259200000000000000000000000000000000 -5.95476408304160500000000000000000000000000000000000
0.01456273586495400100000000000000000000000000000000 -0.73508813927435390000000000000000000000000000000000
0.00770417378955038700000000000000000000000000000000 -10.81878887032064200000000000000000000000000000000000
-0.01424706163001819600000000000000000000000000000000 -23.51752655289721300000000000000000000000000000000000
-0.03020807145520574000000000000000000000000000000000 27.49846927315473000000000000000000000000000000000000
-0.01223104644083117600000000000000000000000000000000 -32.24402266212175000000000000000000000000000000000000
0.00208888854307713600000000000000000000000000000000 -12.60817102859526700000000000000000000000000000000000
-0.00217171539874338060000000000000000000000000000000 -39.08264573950961600000000000000000000000000000000000
-0.02496795559120496000000000000000000000000000000000 -8.34700924695706800000000000000000000000000000000000
0.00425208450057934300000000000000000000000000000000 -17.96956008980842500000000000000000000000000000000000
0.00328013377187207250000000000000000000000000000000 -13.95319186615216500000000000000000000000000000000000
-0.00961014597497086500000000000000000000000000000000 12.14039975267554200000000000000000000000000000000000
-0.00059512123349214890000000000000000000000000000000 -19.48486675251245300000000000000000000000000000000000
-0.00378781665285135400000000000000000000000000000000 -10.08032563327888400000000000000000000000000000000000
-0.01574732106154372300000000000000000000000000000000 -6.84984472527539200000000000000000000000000000000000
0.00866314457293793800000000000000000000000000000000 -29.27364042342022000000000000000000000000000000000000
0.00098661901138595750000000000000000000000000000000 -17.22913356859868400000000000000000000000000000000000
-0.00331758005416418400000000000000000000000000000000 56.22602307910655000000000000000000000000000000000000
-0.00826089876601106300000000000000000000000000000000 -15.82021106142766700000000000000000000000000000000000
-0.02671485704303051500000000000000000000000000000000 -8.36580981782148700000000000000000000000000000000000
-0.01288139981230696300000000000000000000000000000000 -29.50063430159395500000000000000000000000000000000000
0.00140123112251008130000000000000000000000000000000 -13.15993532785433000000000000000000000000000000000000
-0.00961796244759410700000000000000000000000000000000 -6.38753260589332900000000000000000000000000000000000
-0.00246436944569150460000000000000000000000000000000 12.31188266014324200000000000000000000000000000000000
0.02855936410414885300000000000000000000000000000000 -12.54752291689536600000000000000000000000000000000000
0.00518585816270886350000000000000000000000000000000 -40.85301230124150600000000000000000000000000000000000
-0.00006915447008363357000000000000000000000000000000 10.13694178269796000000000000000000000000000000000000
0.01040835655955477100000000000000000000000000000000 -23.55613761604889700000000000000000000000000000000000
-0.01290270585005491400000000000000000000000000000000 43.07736680163305500000000000000000000000000000000000
-0.01225623661249615600000000000000000000000000000000 29.77410098817599500000000000000000000000000000000000
-0.01815457580133009200000000000000000000000000000000 -27.98199433027344800000000000000000000000000000000000
0.03903857557219822000000000000000000000000000000000 35.96566693478716600000000000000000000000000000000000
0.00860231909788821900000000000000000000000000000000 53.27422864710021000000000000000000000000000000000000
-0.01015121872073494400000000000000000000000000000000 -33.04453024661706000000000000000000000000000000000000
0.01810497215437780300000000000000000000000000000000 -8.63798589130280100000000000000000000000000000000000
-0.02302877658279296700000000000000000000000000000000 -13.00927963989507700000000000000000000000000000000000
-0.00304924874544811740000000000000000000000000000000 -33.06419194241193000000000000000000000000000000000000
-0.01324102100102114400000000000000000000000000000000 -17.16207035498759000000000000000000000000000000000000
-0.00463006440381308500000000000000000000000000000000 -9.15462094859799600000000000000000000000000000000000
0.00793953211101881800000000000000000000000000000000 -20.61185381045108000000000000000000000000000000000000
