-0.01025418437366942800000000000000000000000000000000 10.14651124877085000000000000000000000000000000000000
-0.00951205744504609800000000000000000000000000000000 0.17091314174629652000000000000000000000000000000000
0.01618130190516215200000000000000000000000000000000 0.17502150853423643000000000000000000000000000000000
-0.00459448384690718000000000000000000000000000000000 0.82248005246975480000000000000000000000000000000000
-0.00521577928637412500000000000000000000000000000000 0.50126391655864890000000000000000000000000000000000
-0.00541281753778329200000000000000000000000000000000 0.77521420286364140000000000000000000000000000000000
-0.01627011623230538400000000000000000000000000000000 0.98122288162593090000000000000000000000000000000000
0.01230787852153956600000000000000000000000000000000 0.88501273619548650000000000000000000000000000000000
0.00991253810845049000000000000000000000000000000000 0.57473197091185260000000000000000000000000000000000
0.00523723588650678000000000000000000000000000000000 1.51023222983232940000000000000000000000000000000000
-0.00338965415901479930000000000000000000000000000000 0.61488400940208420000000000000000000000000000000000
0.00021801827138475185000000000000000000000000000000 0.24974272819456403000000000000000000000000000000000
-0.00785428858138746300000000000000000000000000000000 0.21396177991655340000000000000000000000000000000000
-0.01709984393945466700000000000000000000000000000000 0.39071987868747987000000000000000000000000000000000
0.00629245505177937200000000000000000000000000000000 0.33417233984321454000000000000000000000000000000000
-0.01197364964298208000000000000000000000000000000000 0.26836323151326160000000000000000000000000000000000
-0.00873401709370677900000000000000000000000000000000 0.49974135350490600000000000000000000000000000000000
0.00854223018363211100000000000000000000000000000000 0.34487064931554750000000000000000000000000000000000
-0.01323987240995760600000000000000000000000000000000 0.26172595495026290000000000000000000000000000000000
-0.00557419498509471700000000000000000000000000000000 0.27737634996437490000000000000000000000000000000000
-0.02103797656935283200000000000000000000000000000000 0.30903957810117244000000000000000000000000000000000
-0.00546076261472971250000000000000000000000000000000 0.94492711578638660000000000000000000000000000000000
-0.01235862822031733700000000000000000000000000000000 0.23730807823267644000000000000000000000000000000000
0.00321879122988312940000000000000000000000000000000 0.68521771595958660000000000000000000000000000000000
-0.01567027865701589000000000000000000000000000000000 1.25743603368003200000000000000000000000000000000000
-0.01825120634339571700000000000000000000000000000000 0.32733511135379606000000000000000000000000000000000
-0.01054477827850276000000000000000000000000000000000 0.48722935023147990000000000000000000000000000000000
-0.01478145915219072200000000000000000000000000000000 0.43905622466882750000000000000000000000000000000000
-0.00524898547500638500000000000000000000000000000000 0.41570161646884410000000000000000000000000000000000
-0.00057160557706285260000000000000000000000000000000 0.31320982560867510000000000000000000000000000000000
-0.00251671860168985800000000000000000000000000000000 0.20667413262293810000000000000000000000000000000000
0.00528049562648766600000000000000000000000000000000 0.49274550868939790000000000000000000000000000000000
-0.00522026943570397100000000000000000000000000000000 0.58338129788018400000000000000000000000000000000000
-0.00970374537807374000000000000000000000000000000000 0.25669548541080733000000000000000000000000000000000
-0.00060102292685888970000000000000000000000000000000 0.21086898058123868000000000000000000000000000000000
-0.00549381985103430700000000000000000000000000000000 0.28796385973448596000000000000000000000000000000000
-0.00435840036268294000000000000000000000000000000000 0.66925572303978560000000000000000000000000000000000
-0.00357482614764828200000000000000000000000000000000 0.49884938849222854000000000000000000000000000000000
-0.00475890879700847500000000000000000000000000000000 0.37300541322142433000000000000000000000000000000000
-0.01131299798586728500000000000000000000000000000000 0.91740326276777550000000000000000000000000000000000
-0.01220295602836849200000000000000000000000000000000 0.32421303817886565000000000000000000000000000000000
0.00134815594061485270000000000000000000000000000000 0.20925776660216380000000000000000000000000000000000
-0.00187720356389803300000000000000000000000000000000 0.64577308647903990000000000000000000000000000000000
-0.00541705695125813700000000000000000000000000000000 0.69933696837561730000000000000000000000000000000000
-0.00974117843823930000000000000000000000000000000000 0.14304628596050897000000000000000000000000000000000
-0.00797244149763051300000000000000000000000000000000 0.23093239563790519000000000000000000000000000000000
0.00210247341452893500000000000000000000000000000000 0.49318194232977997000000000000000000000000000000000
0.00126377388063881550000000000000000000000000000000 0.17728175662615922000000000000000000000000000000000
-0.00034194149115266120000000000000000000000000000000 0.34860287647689640000000000000000000000000000000000
0.00144879198370971830000000000000000000000000000000 0.49794052289020090000000000000000000000000000000000
-0.01143329064387896100000000000000000000000000000000 0.42710274322758135000000000000000000000000000000000
-0.00983934405942693500000000000000000000000000000000 0.25925700620751760000000000000000000000000000000000
0.00261198198636586600000000000000000000000000000000 0.15421486361151396000000000000000000000000000000000
-0.01936899623086419000000000000000000000000000000000 0.32646189237558820000000000000000000000000000000000
-0.00428614623604676050000000000000000000000000000000 0.29405636977454450000000000000000000000000000000000
0.01002892973968232500000000000000000000000000000000 0.88763920643614670000000000000000000000000000000000
-0.00348030731095157900000000000000000000000000000000 0.32030209618530180000000000000000000000000000000000
-0.01531431066101573300000000000000000000000000000000 0.79115768900200210000000000000000000000000000000000
-0.00974094024866296900000000000000000000000000000000 0.24188935517248000000000000000000000000000000000000
-0.00056253082754842770000000000000000000000000000000 0.40903596190990704000000000000000000000000000000000
-0.00727938704754525900000000000000000000000000000000 1.57158582305402340000000000000000000000000000000000
-0.00064234448646275420000000000000000000000000000000 2.14871612364588400000000000000000000000000000000000
0.00899554097014284800000000000000000000000000000000 0.37329580417902020000000000000000000000000000000000
-0.00160847924943770170000000000000000000000000000000 0.31933770346615353000000000000000000000000000000000
-0.00267731230696275000000000000000000000000000000000 0.18388858756439210000000000000000000000000000000000
-0.00327492730697388850000000000000000000000000000000 0.19429715452689920000000000000000000000000000000000
-0.01547758977341398900000000000000000000000000000000 0.60902525361346230000000000000000000000000000000000
0.00993324704311239500000000000000000000000000000000 2.43111081225730400000000000000000000000000000000000
-0.00281979071991819140000000000000000000000000000000 0.49548079550840013000000000000000000000000000000000
0.00580615838614433100000000000000000000000000000000 0.55425113012301570000000000000000000000000000000000
-0.01326141336991300600000000000000000000000000000000 0.25715801972624996000000000000000000000000000000000
0.00232329670808080650000000000000000000000000000000 0.24972804875023047000000000000000000000000000000000
-0.00372880842732174400000000000000000000000000000000 0.52838514526066840000000000000000000000000000000000
-0.01337244798840597000000000000000000000000000000000 0.29028671363654046000000000000000000000000000000000
0.00373428401413547060000000000000000000000000000000 0.19701941683766597000000000000000000000000000000000
-0.01762811292755536000000000000000000000000000000000 0.25598582155238840000000000000000000000000000000000
-0.00646774226208711300000000000000000000000000000000 0.26903843614675477000000000000000000000000000000000
-0.00550706266414705400000000000000000000000000000000 0.52994592039395820000000000000000000000000000000000
0.00223586460590229070000000000000000000000000000000 1.48898463681616740000000000000000000000000000000000
0.01026560832794455600000000000000000000000000000000 1.64763361723036830000000000000000000000000000000000
-0.02101228620003285600000000000000000000000000000000 0.35026711962076273000000000000000000000000000000000
0.00153958766028644900000000000000000000000000000000 0.48539867816257565000000000000000000000000000000000
0.00336148159924203500000000000000000000000000000000 0.40155770118561440000000000000000000000000000000000
-0.01353814505574793200000000000000000000000000000000 2.09874757303300700000000000000000000000000000000000
0.00684331685189790100000000000000000000000000000000 1.35023858340465490000000000000000000000000000000000
-0.00326026147757852050000000000000000000000000000000 0.56309731936707730000000000000000000000000000000000
0.00106346497396700780000000000000000000000000000000 0.51197491541256600000000000000000000000000000000000
0.00734662277985893750000000000000000000000000000000 0.23615759416225163000000000000000000000000000000000
-0.00327872547903246140000000000000000000000000000000 0.89883274517757470000000000000000000000000000000000
-0.00456844074471465700000000000000000000000000000000 0.39743364613663720000000000000000000000000000000000
0.00875577815518945700000000000000000000000000000000 0.46375990314552534000000000000000000000000000000000
0.00465326665624922600000000000000000000000000000000 0.38934692197577690000000000000000000000000000000000
-0.00415586302836957300000000000000000000000000000000 0.33792157846707466000000000000000000000000000000000
-0.00347509765938384950000000000000000000000000000000 0.44706346159914510000000000000000000000000000000000
0.00512878567666238500000000000000000000000000000000 0.78457121992766580000000000000000000000000000000000
0.00866802406516853400000000000000000000000000000000 0.63061293610318200000000000000000000000000000000000
0.00051109760294262060000000000000000000000000000000 0.17785763141025437000000000000000000000000000000000
0.00775140045968669400000000000000000000000000000000 0.52461921614337040000000000000000000000000000000000
-0.01340871863284255000000000000000000000000000000000 1.49322763966344940000000000000000000000000000000000
0.01425025894860867300000000000000000000000000000000 0.31888314270926615000000000000000000000000000000000
0.00154385424149735060000000000000000000000000000000 0.33449329395689060000000000000000000000000000000000
